
Hola soy Anthony...
 4 3 1 1 3 2 5 1 5 3 2
 2 4 4 3 1 3 3 5 1 5 1
 1 1 4 4 1 3 1 2 2 5 2
 2 5 4 5 1 1 4 3 2 1 4
 5 5 1 3 2 5 5 3 2 1 1
 5 1 1 4 2 5 5 1 1 3 2
 1 4 3 2 3 2 3 5 5 5 4
 2 4 3 1 3 2 2 5 4 4 1
 5 2 4 1 4 4 3 3 2 3 2
 1 4 4 3 4 5 4 3 5 1 3
 4 1 5 1 5 5 4 3 2 5 1

Puntos: 0
Paso 0
 4 3 1 1 3 2 5 1 5 3 2
 2 4 4 3 1 3 3 5 1 5 1
 1 1 4 4 1 3 1 2 2 5 2
 2 5 4 5 1 1 4 3 2 1 4
 5 5 1 3 2 5 5 3 2 1 1
 5 1 1 4 2 5 5 1 1 3 2
 1 4 3 2 3 2 3 5 5 5 4
 2 4 3 1 3 2 2 5 4 4 1
 5 2 4 1 4 4 3 3 2 3 2
 1 4 4 3 4 5 4 3 5 1 3
 4 1 5 1 5 5 4 3 2 5 1

Puntos: 0
Paso 1
 4 3 1 1 3 2 5 1 5 3 2
 2 4 4 3 1 3 3 5 1 5 1
 1 1 4 4 1 3 1 2 2 5 2
 2 5 4 5 1 1 4 3 2 1 4
 5 5 1 3 2 5 5 3 2 1 1
 5 1 1 4 2 5 5 1 1 3 2
 1 4 3 2 3 2 3 5 5 5 4
 2 4 3 1 3 2 2 5 4 4 1
 5 2 4 1 4 4 3 3 2 3 2
 1 4 4 3 4 5 4 3 5 1 3
 4 1 5 1 5 5 4 3 2 5 1

Puntos: 0
Paso 2
 0 0 4 3 3 2 5 1 5 3 2
 2 4 4 3 1 3 3 5 1 5 1
 1 1 4 4 1 3 1 2 2 5 2
 2 5 4 5 1 1 4 3 2 1 4
 5 5 1 3 2 5 5 3 2 1 1
 5 1 1 4 2 5 5 1 1 3 2
 1 4 3 2 3 2 3 5 5 5 4
 2 4 3 1 3 2 2 5 4 4 1
 5 2 4 1 4 4 3 3 2 3 2
 1 4 4 3 4 5 4 3 5 1 3
 4 1 5 1 5 5 4 3 2 5 1

Puntos: 2
Paso 3
 0 0 0 0 4 2 5 1 5 3 2
 0 2 4 4 1 3 3 5 1 5 1
 1 1 4 4 1 3 1 2 2 5 2
 2 5 4 5 1 1 4 3 2 1 4
 5 5 1 3 2 5 5 3 2 1 1
 5 1 1 4 2 5 5 1 1 3 2
 1 4 3 2 3 2 3 5 5 5 4
 2 4 3 1 3 2 2 5 4 4 1
 5 2 4 1 4 4 3 3 2 3 2
 1 4 4 3 4 5 4 3 5 1 3
 4 1 5 1 5 5 4 3 2 5 1

Puntos: 8
Paso 4
 0 0 0 0 4 2 5 1 5 3 2
 0 2 4 4 1 3 3 5 1 5 1
 1 1 4 4 1 3 1 2 2 5 2
 2 5 4 5 1 1 4 3 2 1 4
 5 5 1 3 2 5 5 3 2 1 1
 5 1 1 4 2 5 5 1 1 3 2
 1 4 3 2 3 2 3 5 5 5 4
 2 4 3 1 3 2 2 5 4 4 1
 5 2 4 1 4 4 3 3 2 3 2
 1 4 4 3 4 5 4 3 5 1 3
 4 1 5 1 5 5 4 3 2 5 1

Puntos: 8
Paso 5
 0 0 0 0 4 2 5 1 5 3 2
 0 2 4 4 1 3 3 5 1 5 1
 1 1 4 4 1 3 1 2 2 5 2
 2 5 4 5 1 1 4 3 2 1 4
 5 5 1 3 2 5 5 3 2 1 1
 5 1 1 4 2 5 5 1 1 3 2
 1 4 3 2 3 2 3 5 5 5 4
 2 4 3 1 3 2 2 5 4 4 1
 5 2 4 1 4 4 3 3 2 3 2
 1 4 4 3 4 5 4 3 5 1 3
 4 1 5 1 5 5 4 3 2 5 1

Puntos: 8
Paso 6
 0 0 0 0 4 2 5 1 5 3 2
 0 2 4 4 1 3 3 5 1 5 1
 1 1 4 4 1 3 1 2 2 5 2
 2 5 4 5 1 1 4 3 2 1 4
 5 5 1 3 2 5 5 3 2 1 1
 5 1 1 4 2 5 5 1 1 3 2
 1 4 3 2 3 2 3 5 5 5 4
 2 4 3 1 3 2 2 5 4 4 1
 5 2 4 1 4 4 3 3 2 3 2
 1 4 4 3 4 5 4 3 5 1 3
 4 1 5 1 5 5 4 3 2 5 1

Puntos: 8
Paso 7
 0 0 0 0 4 2 5 1 5 3 2
 0 2 4 4 1 3 3 5 1 5 1
 1 1 4 4 1 3 1 2 2 5 2
 2 5 4 5 1 1 4 3 2 1 4
 5 5 1 3 2 5 5 3 2 1 1
 5 1 1 4 2 5 5 1 1 3 2
 1 4 3 2 3 2 3 5 5 5 4
 2 4 3 1 3 2 2 5 4 4 1
 5 2 4 1 4 4 3 3 2 3 2
 1 4 4 3 4 5 4 3 5 1 3
 4 1 5 1 5 5 4 3 2 5 1

Puntos: 8
Paso 8
 0 0 0 0 4 2 5 1 5 3 2
 0 2 4 4 1 3 3 5 1 5 1
 1 1 4 4 1 3 1 2 2 5 2
 2 5 4 5 1 1 4 3 2 1 4
 5 5 1 3 2 5 5 3 2 1 1
 5 1 1 4 2 5 5 1 1 3 2
 1 4 3 2 3 2 3 5 5 5 4
 2 4 3 1 3 2 2 5 4 4 1
 5 2 4 1 4 4 3 3 2 3 2
 1 4 4 3 4 5 4 3 5 1 3
 4 1 5 1 5 5 4 3 2 5 1

Puntos: 8
Paso 9
 0 0 0 0 4 2 5 1 5 3 2
 0 2 4 4 1 3 3 5 1 5 1
 1 1 4 4 1 3 1 2 2 5 2
 2 5 4 5 1 1 4 3 2 1 4
 5 5 1 3 2 5 5 3 2 1 1
 5 1 1 4 2 5 5 1 1 3 2
 1 4 3 2 3 2 3 5 5 5 4
 2 4 3 1 3 2 2 5 4 4 1
 5 2 4 1 4 4 3 3 2 3 2
 1 4 4 3 4 5 4 3 5 1 3
 4 1 5 1 5 5 4 3 2 5 1

Puntos: 8
Paso 10
 0 0 0 0 4 2 5 1 5 3 2
 0 2 4 4 1 3 3 5 1 5 1
 1 1 4 4 1 3 1 2 2 5 2
 2 5 4 5 1 1 4 3 2 1 4
 5 5 1 3 2 5 5 3 2 1 1
 5 1 1 4 2 5 5 1 1 3 2
 1 4 3 2 3 2 3 5 5 5 4
 2 4 3 1 3 2 2 5 4 4 1
 5 2 4 1 4 4 3 3 2 3 2
 1 4 4 3 4 5 4 3 5 1 3
 4 1 5 1 5 5 4 3 2 5 1

Puntos: 8
Paso 1
 0 0 0 0 4 2 5 1 5 3 2
 0 2 4 4 1 3 3 5 1 5 1
 1 1 4 4 1 3 1 2 2 5 2
 2 5 4 5 1 1 4 3 2 1 4
 5 5 1 3 2 5 5 3 2 1 1
 5 1 1 4 2 5 5 1 1 3 2
 1 4 3 2 3 2 3 5 5 5 4
 2 4 3 1 3 2 2 5 4 4 1
 5 2 4 1 4 4 3 3 2 3 2
 1 4 4 3 4 5 4 3 5 1 3
 4 1 5 1 5 5 4 3 2 5 1

Puntos: 8
Paso 2
 0 0 0 0 4 2 5 1 5 3 2
 0 2 4 4 1 3 3 5 1 5 1
 1 1 4 4 1 3 1 2 2 5 2
 2 5 4 5 1 1 4 3 2 1 4
 5 5 1 3 2 5 5 3 2 1 1
 5 1 1 4 2 5 5 1 1 3 2
 1 4 3 2 3 2 3 5 5 5 4
 2 4 3 1 3 2 2 5 4 4 1
 5 2 4 1 4 4 3 3 2 3 2
 1 4 4 3 4 5 4 3 5 1 3
 4 1 5 1 5 5 4 3 2 5 1

Puntos: 8
Paso 3
 0 0 0 0 4 2 5 1 5 3 2
 0 0 0 2 1 3 3 5 1 5 1
 0 0 1 1 1 3 1 2 2 5 2
 0 2 5 5 1 1 4 3 2 1 4
 5 5 1 3 2 5 5 3 2 1 1
 5 1 1 4 2 5 5 1 1 3 2
 1 4 3 2 3 2 3 5 5 5 4
 2 4 3 1 3 2 2 5 4 4 1
 5 2 4 1 4 4 3 3 2 3 2
 1 4 4 3 4 5 4 3 5 1 3
 4 1 5 1 5 5 4 3 2 5 1

Puntos: 28
Paso 4
 0 0 0 0 4 2 5 1 5 3 2
 0 0 0 2 1 3 3 5 1 5 1
 0 0 1 1 1 3 1 2 2 5 2
 0 2 5 5 1 1 4 3 2 1 4
 5 5 1 3 2 5 5 3 2 1 1
 5 1 1 4 2 5 5 1 1 3 2
 1 4 3 2 3 2 3 5 5 5 4
 2 4 3 1 3 2 2 5 4 4 1
 5 2 4 1 4 4 3 3 2 3 2
 1 4 4 3 4 5 4 3 5 1 3
 4 1 5 1 5 5 4 3 2 5 1

Puntos: 28
Paso 5
 0 0 0 0 0 2 5 1 5 3 2
 0 0 0 0 4 3 3 5 1 5 1
 0 0 0 0 2 3 1 2 2 5 2
 0 0 0 2 5 5 4 3 2 1 4
 5 5 1 3 2 5 5 3 2 1 1
 5 1 1 4 2 5 5 1 1 3 2
 1 4 3 2 3 2 3 5 5 5 4
 2 4 3 1 3 2 2 5 4 4 1
 5 2 4 1 4 4 3 3 2 3 2
 1 4 4 3 4 5 4 3 5 1 3
 4 1 5 1 5 5 4 3 2 5 1

Puntos: 58
Paso 6
 0 0 0 0 0 0 5 1 5 3 2
 0 0 0 0 0 2 4 5 1 5 1
 0 0 0 0 0 2 1 2 2 5 2
 0 0 0 2 5 5 4 3 2 1 4
 5 5 1 3 2 5 5 3 2 1 1
 5 1 1 4 2 5 5 1 1 3 2
 1 4 3 2 3 2 3 5 5 5 4
 2 4 3 1 3 2 2 5 4 4 1
 5 2 4 1 4 4 3 3 2 3 2
 1 4 4 3 4 5 4 3 5 1 3
 4 1 5 1 5 5 4 3 2 5 1

Puntos: 64
Paso 7
 0 0 0 0 0 0 5 1 5 3 2
 0 0 0 0 0 2 4 5 1 5 1
 0 0 0 0 0 2 1 2 2 5 2
 0 0 0 2 5 5 4 3 2 1 4
 5 5 1 3 2 5 5 3 2 1 1
 5 1 1 4 2 5 5 1 1 3 2
 1 4 3 2 3 2 3 5 5 5 4
 2 4 3 1 3 2 2 5 4 4 1
 5 2 4 1 4 4 3 3 2 3 2
 1 4 4 3 4 5 4 3 5 1 3
 4 1 5 1 5 5 4 3 2 5 1

Puntos: 64
Paso 8
 0 0 0 0 0 0 5 1 5 3 2
 0 0 0 0 0 2 4 5 1 5 1
 0 0 0 0 0 2 1 2 2 5 2
 0 0 0 2 5 5 4 3 2 1 4
 5 5 1 3 2 5 5 3 2 1 1
 5 1 1 4 2 5 5 1 1 3 2
 1 4 3 2 3 2 3 5 5 5 4
 2 4 3 1 3 2 2 5 4 4 1
 5 2 4 1 4 4 3 3 2 3 2
 1 4 4 3 4 5 4 3 5 1 3
 4 1 5 1 5 5 4 3 2 5 1

Puntos: 64
Paso 9
 0 0 0 0 0 0 5 1 5 3 2
 0 0 0 0 0 2 4 5 1 5 1
 0 0 0 0 0 2 1 2 2 5 2
 0 0 0 2 5 5 4 3 2 1 4
 5 5 1 3 2 5 5 3 2 1 1
 5 1 1 4 2 5 5 1 1 3 2
 1 4 3 2 3 2 3 5 5 5 4
 2 4 3 1 3 2 2 5 4 4 1
 5 2 4 1 4 4 3 3 2 3 2
 1 4 4 3 4 5 4 3 5 1 3
 4 1 5 1 5 5 4 3 2 5 1

Puntos: 64
Paso 10
 0 0 0 0 0 0 5 1 5 3 2
 0 0 0 0 0 0 2 4 5 1 1
 0 0 0 0 0 0 2 1 2 2 2
 0 0 0 2 5 5 4 3 2 1 4
 5 5 1 3 2 5 5 3 2 1 1
 5 1 1 4 2 5 5 1 1 3 2
 1 4 3 2 3 2 3 5 5 5 4
 2 4 3 1 3 2 2 5 4 4 1
 5 2 4 1 4 4 3 3 2 3 2
 1 4 4 3 4 5 4 3 5 1 3
 4 1 5 1 5 5 4 3 2 5 1

Puntos: 66
Paso 11
 0 0 0 0 0 0 0 0 5 3 2
 0 0 0 0 0 0 5 1 2 4 5
 0 0 0 0 0 0 2 1 2 2 2
 0 0 0 2 5 5 4 3 2 1 4
 5 5 1 3 2 5 5 3 2 1 1
 5 1 1 4 2 5 5 1 1 3 2
 1 4 3 2 3 2 3 5 5 5 4
 2 4 3 1 3 2 2 5 4 4 1
 5 2 4 1 4 4 3 3 2 3 2
 1 4 4 3 4 5 4 3 5 1 3
 4 1 5 1 5 5 4 3 2 5 1

Puntos: 68
Paso 2
 0 0 0 0 0 0 0 0 5 3 2
 0 0 0 0 0 0 5 1 2 4 5
 0 0 0 0 0 0 2 1 2 2 2
 0 0 0 2 5 5 4 3 2 1 4
 5 5 1 3 2 5 5 3 2 1 1
 5 1 1 4 2 5 5 1 1 3 2
 1 4 3 2 3 2 3 5 5 5 4
 2 4 3 1 3 2 2 5 4 4 1
 5 2 4 1 4 4 3 3 2 3 2
 1 4 4 3 4 5 4 3 5 1 3
 4 1 5 1 5 5 4 3 2 5 1

Puntos: 68
Paso 3
 0 0 0 0 0 0 0 0 5 3 2
 0 0 0 0 0 0 5 1 2 4 5
 0 0 0 0 0 0 2 1 2 2 2
 0 0 0 2 5 5 4 3 2 1 4
 5 5 1 3 2 5 5 3 2 1 1
 5 1 1 4 2 5 5 1 1 3 2
 1 4 3 2 3 2 3 5 5 5 4
 2 4 3 1 3 2 2 5 4 4 1
 5 2 4 1 4 4 3 3 2 3 2
 1 4 4 3 4 5 4 3 5 1 3
 4 1 5 1 5 5 4 3 2 5 1

Puntos: 68
Paso 4
 0 0 0 0 0 0 0 0 5 3 2
 0 0 0 0 0 0 5 1 2 4 5
 0 0 0 0 0 0 2 1 2 2 2
 0 0 0 2 5 5 4 3 2 1 4
 5 5 1 3 2 5 5 3 2 1 1
 5 1 1 4 2 5 5 1 1 3 2
 1 4 3 2 3 2 3 5 5 5 4
 2 4 3 1 3 2 2 5 4 4 1
 5 2 4 1 4 4 3 3 2 3 2
 1 4 4 3 4 5 4 3 5 1 3
 4 1 5 1 5 5 4 3 2 5 1

Puntos: 68
Paso 5
 0 0 0 0 0 0 0 0 5 3 2
 0 0 0 0 0 0 5 1 2 4 5
 0 0 0 0 0 0 2 1 2 2 2
 0 0 0 2 5 5 4 3 2 1 4
 5 5 1 3 2 5 5 3 2 1 1
 5 1 1 4 2 5 5 1 1 3 2
 1 4 3 2 3 2 3 5 5 5 4
 2 4 3 1 3 2 2 5 4 4 1
 5 2 4 1 4 4 3 3 2 3 2
 1 4 4 3 4 5 4 3 5 1 3
 4 1 5 1 5 5 4 3 2 5 1

Puntos: 68
Paso 6
 0 0 0 0 0 0 0 0 5 3 2
 0 0 0 0 0 0 5 1 2 4 5
 0 0 0 0 0 0 2 1 2 2 2
 0 0 0 2 5 5 4 3 2 1 4
 5 5 1 3 2 5 5 3 2 1 1
 5 1 1 4 2 5 5 1 1 3 2
 1 4 3 2 3 2 3 5 5 5 4
 2 4 3 1 3 2 2 5 4 4 1
 5 2 4 1 4 4 3 3 2 3 2
 1 4 4 3 4 5 4 3 5 1 3
 4 1 5 1 5 5 4 3 2 5 1

Puntos: 68
Paso 7
 0 0 0 0 0 0 0 0 5 3 2
 0 0 0 0 0 0 5 1 2 4 5
 0 0 0 0 0 0 2 1 2 2 2
 0 0 0 2 5 5 4 3 2 1 4
 5 5 1 3 2 5 5 3 2 1 1
 5 1 1 4 2 5 5 1 1 3 2
 1 4 3 2 3 2 3 5 5 5 4
 2 4 3 1 3 2 2 5 4 4 1
 5 2 4 1 4 4 3 3 2 3 2
 1 4 4 3 4 5 4 3 5 1 3
 4 1 5 1 5 5 4 3 2 5 1

Puntos: 68
Paso 8
 0 0 0 0 0 0 0 0 5 3 2
 0 0 0 0 0 0 5 1 2 4 5
 0 0 0 0 0 0 2 1 2 2 2
 0 0 0 2 5 5 4 3 2 1 4
 5 5 1 3 2 5 5 3 2 1 1
 5 1 1 4 2 5 5 1 1 3 2
 1 4 3 2 3 2 3 5 5 5 4
 2 4 3 1 3 2 2 5 4 4 1
 5 2 4 1 4 4 3 3 2 3 2
 1 4 4 3 4 5 4 3 5 1 3
 4 1 5 1 5 5 4 3 2 5 1

Puntos: 68
Paso 9
 0 0 0 0 0 0 0 0 5 3 2
 0 0 0 0 0 0 0 5 2 4 5
 0 0 0 0 0 0 0 2 2 2 2
 0 0 0 2 5 5 4 3 2 1 4
 5 5 1 3 2 5 5 3 2 1 1
 5 1 1 4 2 5 5 1 1 3 2
 1 4 3 2 3 2 3 5 5 5 4
 2 4 3 1 3 2 2 5 4 4 1
 5 2 4 1 4 4 3 3 2 3 2
 1 4 4 3 4 5 4 3 5 1 3
 4 1 5 1 5 5 4 3 2 5 1

Puntos: 70
Paso 10
 0 0 0 0 0 0 0 0 0 0 0
 0 0 0 0 0 0 0 0 5 3 2
 0 0 0 0 0 0 0 0 5 4 5
 0 0 0 0 2 5 5 4 3 1 4
 0 5 5 1 3 2 5 5 3 1 1
 5 1 1 4 2 5 5 1 1 3 2
 1 4 3 2 3 2 3 5 5 5 4
 2 4 3 1 3 2 2 5 4 4 1
 5 2 4 1 4 4 3 3 2 3 2
 1 4 4 3 4 5 4 3 5 1 3
 4 1 5 1 5 5 4 3 2 5 1

Puntos: 112
Paso 11
 0 0 0 0 0 0 0 0 0 0 0
 0 0 0 0 0 0 0 0 5 3 2
 0 0 0 0 0 0 0 0 5 4 5
 0 0 0 0 2 5 5 4 3 1 4
 0 5 5 1 3 2 5 5 3 1 1
 5 1 1 4 2 5 5 1 1 3 2
 1 4 3 2 3 2 3 5 5 5 4
 2 4 3 1 3 2 2 5 4 4 1
 5 2 4 1 4 4 3 3 2 3 2
 1 4 4 3 4 5 4 3 5 1 3
 4 1 5 1 5 5 4 3 2 5 1

Puntos: 112
Paso 12
 0 0 0 0 0 0 0 0 0 0 0
 0 0 0 0 0 0 0 0 5 3 2
 0 0 0 0 0 0 0 0 5 4 5
 0 0 0 0 2 5 5 4 3 1 4
 0 5 5 1 3 2 5 5 3 1 1
 5 1 1 4 2 5 5 1 1 3 2
 1 4 3 2 3 2 3 5 5 5 4
 2 4 3 1 3 2 2 5 4 4 1
 5 2 4 1 4 4 3 3 2 3 2
 1 4 4 3 4 5 4 3 5 1 3
 4 1 5 1 5 5 4 3 2 5 1

Puntos: 112
Paso 3
 0 0 0 0 0 0 0 0 0 0 0
 0 0 0 0 0 0 0 0 5 3 2
 0 0 0 0 0 0 0 0 5 4 5
 0 0 0 0 2 5 5 4 3 1 4
 0 5 5 1 3 2 5 5 3 1 1
 5 1 1 4 2 5 5 1 1 3 2
 1 4 3 2 3 2 3 5 5 5 4
 2 4 3 1 3 2 2 5 4 4 1
 5 2 4 1 4 4 3 3 2 3 2
 1 4 4 3 4 5 4 3 5 1 3
 4 1 5 1 5 5 4 3 2 5 1

Puntos: 112
Paso 4
 0 0 0 0 0 0 0 0 0 0 0
 0 0 0 0 0 0 0 0 5 3 2
 0 0 0 0 0 0 0 0 5 4 5
 0 0 0 0 2 5 5 4 3 1 4
 0 5 5 1 3 2 5 5 3 1 1
 5 1 1 4 2 5 5 1 1 3 2
 1 4 3 2 3 2 3 5 5 5 4
 2 4 3 1 3 2 2 5 4 4 1
 5 2 4 1 4 4 3 3 2 3 2
 1 4 4 3 4 5 4 3 5 1 3
 4 1 5 1 5 5 4 3 2 5 1

Puntos: 112
Paso 5
 0 0 0 0 0 0 0 0 0 0 0
 0 0 0 0 0 0 0 0 5 3 2
 0 0 0 0 0 0 0 0 5 4 5
 0 0 0 0 2 5 5 4 3 1 4
 0 5 5 1 3 2 5 5 3 1 1
 5 1 1 4 2 5 5 1 1 3 2
 1 4 3 2 3 2 3 5 5 5 4
 2 4 3 1 3 2 2 5 4 4 1
 5 2 4 1 4 4 3 3 2 3 2
 1 4 4 3 4 5 4 3 5 1 3
 4 1 5 1 5 5 4 3 2 5 1

Puntos: 112
Paso 6
 0 0 0 0 0 0 0 0 0 0 0
 0 0 0 0 0 0 0 0 5 3 2
 0 0 0 0 0 0 0 0 5 4 5
 0 0 0 0 2 5 5 4 3 1 4
 0 5 5 1 3 2 5 5 3 1 1
 5 1 1 4 2 5 5 1 1 3 2
 1 4 3 2 3 2 3 5 5 5 4
 2 4 3 1 3 2 2 5 4 4 1
 5 2 4 1 4 4 3 3 2 3 2
 1 4 4 3 4 5 4 3 5 1 3
 4 1 5 1 5 5 4 3 2 5 1

Puntos: 112
Paso 7
 0 0 0 0 0 0 0 0 0 0 0
 0 0 0 0 0 0 0 0 5 3 2
 0 0 0 0 0 0 0 0 5 4 5
 0 0 0 0 2 5 5 4 3 1 4
 0 5 5 1 3 2 5 5 3 1 1
 5 1 1 4 2 5 5 1 1 3 2
 1 4 3 2 3 2 3 5 5 5 4
 2 4 3 1 3 2 2 5 4 4 1
 5 2 4 1 4 4 3 3 2 3 2
 1 4 4 3 4 5 4 3 5 1 3
 4 1 5 1 5 5 4 3 2 5 1

Puntos: 112
Paso 8
 0 0 0 0 0 0 0 0 0 0 0
 0 0 0 0 0 0 0 0 5 3 2
 0 0 0 0 0 0 0 0 5 4 5
 0 0 0 0 0 0 2 4 3 1 4
 0 0 0 5 5 1 3 2 3 1 1
 0 0 5 1 1 4 2 1 1 3 2
 1 4 3 2 3 2 3 5 5 5 4
 2 4 3 1 3 2 2 5 4 4 1
 5 2 4 1 4 4 3 3 2 3 2
 1 4 4 3 4 5 4 3 5 1 3
 4 1 5 1 5 5 4 3 2 5 1

Puntos: 142
Paso 9
 0 0 0 0 0 0 0 0 0 0 0
 0 0 0 0 0 0 0 0 5 3 2
 0 0 0 0 0 0 0 0 5 4 5
 0 0 0 0 0 0 2 4 3 1 4
 0 0 0 5 5 1 3 2 3 1 1
 0 0 5 1 1 4 2 1 1 3 2
 1 4 3 2 3 2 3 5 5 5 4
 2 4 3 1 3 2 2 5 4 4 1
 5 2 4 1 4 4 3 3 2 3 2
 1 4 4 3 4 5 4 3 5 1 3
 4 1 5 1 5 5 4 3 2 5 1

Puntos: 142
Paso 10
 0 0 0 0 0 0 0 0 0 0 0
 0 0 0 0 0 0 0 0 5 3 2
 0 0 0 0 0 0 0 0 5 4 5
 0 0 0 0 0 0 2 4 3 1 4
 0 0 0 5 5 1 3 2 3 1 1
 0 0 5 1 1 4 2 1 1 3 2
 1 4 3 2 3 2 3 5 5 5 4
 2 4 3 1 3 2 2 5 4 4 1
 5 2 4 1 4 4 3 3 2 3 2
 1 4 4 3 4 5 4 3 5 1 3
 4 1 5 1 5 5 4 3 2 5 1

Puntos: 142
Paso 11
 0 0 0 0 0 0 0 0 0 0 0
 0 0 0 0 0 0 0 0 5 3 2
 0 0 0 0 0 0 0 0 5 4 5
 0 0 0 0 0 0 0 2 4 1 4
 0 0 0 0 5 5 1 3 2 1 1
 0 0 5 1 1 4 2 1 1 3 2
 1 4 3 2 3 2 3 5 5 5 4
 2 4 3 1 3 2 2 5 4 4 1
 5 2 4 1 4 4 3 3 2 3 2
 1 4 4 3 4 5 4 3 5 1 3
 4 1 5 1 5 5 4 3 2 5 1

Puntos: 144
Paso 12
 0 0 0 0 0 0 0 0 0 0 0
 0 0 0 0 0 0 0 0 5 3 2
 0 0 0 0 0 0 0 0 5 4 5
 0 0 0 0 0 0 0 0 2 4 4
 0 0 0 0 0 0 5 5 1 3 2
 0 0 5 1 1 4 2 1 1 3 2
 1 4 3 2 3 2 3 5 5 5 4
 2 4 3 1 3 2 2 5 4 4 1
 5 2 4 1 4 4 3 3 2 3 2
 1 4 4 3 4 5 4 3 5 1 3
 4 1 5 1 5 5 4 3 2 5 1

Puntos: 150
Paso 13
 0 0 0 0 0 0 0 0 0 0 0
 0 0 0 0 0 0 0 0 0 0 2
 0 0 0 0 0 0 0 0 0 3 5
 0 0 0 0 0 0 0 0 5 5 2
 0 0 0 0 0 0 5 5 1 3 2
 0 0 5 1 1 4 2 1 1 3 2
 1 4 3 2 3 2 3 5 5 5 4
 2 4 3 1 3 2 2 5 4 4 1
 5 2 4 1 4 4 3 3 2 3 2
 1 4 4 3 4 5 4 3 5 1 3
 4 1 5 1 5 5 4 3 2 5 1

Puntos: 156
Paso 4
 0 0 0 0 0 0 0 0 0 0 0
 0 0 0 0 0 0 0 0 0 0 2
 0 0 0 0 0 0 0 0 0 3 5
 0 0 0 0 0 0 0 0 5 5 2
 0 0 0 0 0 0 5 5 1 3 2
 0 0 5 1 1 4 2 1 1 3 2
 1 4 3 2 3 2 3 5 5 5 4
 2 4 3 1 3 2 2 5 4 4 1
 5 2 4 1 4 4 3 3 2 3 2
 1 4 4 3 4 5 4 3 5 1 3
 4 1 5 1 5 5 4 3 2 5 1

Puntos: 156
Paso 5
 0 0 0 0 0 0 0 0 0 0 0
 0 0 0 0 0 0 0 0 0 0 2
 0 0 0 0 0 0 0 0 0 3 5
 0 0 0 0 0 0 0 0 5 5 2
 0 0 0 0 0 0 5 5 1 3 2
 0 0 5 1 1 4 2 1 1 3 2
 1 4 3 2 3 2 3 5 5 5 4
 2 4 3 1 3 2 2 5 4 4 1
 5 2 4 1 4 4 3 3 2 3 2
 1 4 4 3 4 5 4 3 5 1 3
 4 1 5 1 5 5 4 3 2 5 1

Puntos: 156
Paso 6
 0 0 0 0 0 0 0 0 0 0 0
 0 0 0 0 0 0 0 0 0 0 2
 0 0 0 0 0 0 0 0 0 3 5
 0 0 0 0 0 0 0 0 5 5 2
 0 0 0 0 0 0 5 5 1 3 2
 0 0 5 1 1 4 2 1 1 3 2
 1 4 3 2 3 2 3 5 5 5 4
 2 4 3 1 3 2 2 5 4 4 1
 5 2 4 1 4 4 3 3 2 3 2
 1 4 4 3 4 5 4 3 5 1 3
 4 1 5 1 5 5 4 3 2 5 1

Puntos: 156
Paso 7
 0 0 0 0 0 0 0 0 0 0 0
 0 0 0 0 0 0 0 0 0 0 2
 0 0 0 0 0 0 0 0 0 3 5
 0 0 0 0 0 0 0 0 5 5 2
 0 0 0 0 0 0 5 5 1 3 2
 0 0 5 1 1 4 2 1 1 3 2
 1 4 3 2 3 2 3 5 5 5 4
 2 4 3 1 3 2 2 5 4 4 1
 5 2 4 1 4 4 3 3 2 3 2
 1 4 4 3 4 5 4 3 5 1 3
 4 1 5 1 5 5 4 3 2 5 1

Puntos: 156
Paso 8
 0 0 0 0 0 0 0 0 0 0 0
 0 0 0 0 0 0 0 0 0 0 2
 0 0 0 0 0 0 0 0 0 3 5
 0 0 0 0 0 0 0 0 5 5 2
 0 0 0 0 0 0 5 5 1 3 2
 0 0 5 1 1 4 2 1 1 3 2
 1 4 3 2 3 2 3 5 5 5 4
 2 4 3 1 3 2 2 5 4 4 1
 5 2 4 1 4 4 3 3 2 3 2
 1 4 4 3 4 5 4 3 5 1 3
 4 1 5 1 5 5 4 3 2 5 1

Puntos: 156
Paso 9
 0 0 0 0 0 0 0 0 0 0 0
 0 0 0 0 0 0 0 0 0 0 2
 0 0 0 0 0 0 0 0 0 3 5
 0 0 0 0 0 0 0 0 5 5 2
 0 0 0 0 0 0 5 5 1 3 2
 0 0 5 1 1 4 2 1 1 3 2
 1 4 3 2 3 2 3 5 5 5 4
 2 4 3 1 3 2 2 5 4 4 1
 5 2 4 1 4 4 3 3 2 3 2
 1 4 4 3 4 5 4 3 5 1 3
 4 1 5 1 5 5 4 3 2 5 1

Puntos: 156
Paso 10
 0 0 0 0 0 0 0 0 0 0 0
 0 0 0 0 0 0 0 0 0 0 2
 0 0 0 0 0 0 0 0 0 3 5
 0 0 0 0 0 0 0 0 5 5 2
 0 0 0 0 0 0 0 0 1 3 2
 0 0 5 1 1 4 2 1 1 3 2
 1 4 3 2 3 2 3 5 5 5 4
 2 4 3 1 3 2 2 5 4 4 1
 5 2 4 1 4 4 3 3 2 3 2
 1 4 4 3 4 5 4 3 5 1 3
 4 1 5 1 5 5 4 3 2 5 1

Puntos: 158
Paso 11
 0 0 0 0 0 0 0 0 0 0 0
 0 0 0 0 0 0 0 0 0 0 2
 0 0 0 0 0 0 0 0 0 3 5
 0 0 0 0 0 0 0 0 5 5 2
 0 0 0 0 0 0 0 0 1 3 2
 0 0 5 1 1 4 2 1 1 3 2
 1 4 3 2 3 2 3 5 5 5 4
 2 4 3 1 3 2 2 5 4 4 1
 5 2 4 1 4 4 3 3 2 3 2
 1 4 4 3 4 5 4 3 5 1 3
 4 1 5 1 5 5 4 3 2 5 1

Puntos: 158
Paso 12
 0 0 0 0 0 0 0 0 0 0 0
 0 0 0 0 0 0 0 0 0 0 2
 0 0 0 0 0 0 0 0 0 3 5
 0 0 0 0 0 0 0 0 0 5 2
 0 0 0 0 0 0 0 0 5 3 2
 0 0 0 0 5 1 1 4 2 3 2
 1 4 3 2 3 2 3 5 5 5 4
 2 4 3 1 3 2 2 5 4 4 1
 5 2 4 1 4 4 3 3 2 3 2
 1 4 4 3 4 5 4 3 5 1 3
 4 1 5 1 5 5 4 3 2 5 1

Puntos: 164
Paso 13
 0 0 0 0 0 0 0 0 0 0 0
 0 0 0 0 0 0 0 0 0 0 2
 0 0 0 0 0 0 0 0 0 3 5
 0 0 0 0 0 0 0 0 0 5 2
 0 0 0 0 0 0 0 0 0 5 2
 0 0 0 0 0 5 1 1 4 2 2
 1 4 3 2 3 2 3 5 5 5 4
 2 4 3 1 3 2 2 5 4 4 1
 5 2 4 1 4 4 3 3 2 3 2
 1 4 4 3 4 5 4 3 5 1 3
 4 1 5 1 5 5 4 3 2 5 1

Puntos: 166
Paso 14
 0 0 0 0 0 0 0 0 0 0 0
 0 0 0 0 0 0 0 0 0 0 2
 0 0 0 0 0 0 0 0 0 0 5
 0 0 0 0 0 0 0 0 0 0 5
 0 0 0 0 0 0 0 0 0 3 5
 0 0 0 0 0 0 0 5 1 1 4
 1 4 3 2 3 2 3 5 5 5 4
 2 4 3 1 3 2 2 5 4 4 1
 5 2 4 1 4 4 3 3 2 3 2
 1 4 4 3 4 5 4 3 5 1 3
 4 1 5 1 5 5 4 3 2 5 1

Puntos: 178
Paso 5
 0 0 0 0 0 0 0 0 0 0 0
 0 0 0 0 0 0 0 0 0 0 2
 0 0 0 0 0 0 0 0 0 0 5
 0 0 0 0 0 0 0 0 0 0 5
 0 0 0 0 0 0 0 0 0 3 5
 0 0 0 0 0 0 0 5 1 1 4
 1 4 3 2 3 2 3 5 5 5 4
 2 4 3 1 3 2 2 5 4 4 1
 5 2 4 1 4 4 3 3 2 3 2
 1 4 4 3 4 5 4 3 5 1 3
 4 1 5 1 5 5 4 3 2 5 1

Puntos: 178
Paso 6
 0 0 0 0 0 0 0 0 0 0 0
 0 0 0 0 0 0 0 0 0 0 2
 0 0 0 0 0 0 0 0 0 0 5
 0 0 0 0 0 0 0 0 0 0 5
 0 0 0 0 0 0 0 0 0 3 5
 0 0 0 0 0 0 0 5 1 1 4
 1 4 3 2 3 2 3 5 5 5 4
 2 4 3 1 3 2 2 5 4 4 1
 5 2 4 1 4 4 3 3 2 3 2
 1 4 4 3 4 5 4 3 5 1 3
 4 1 5 1 5 5 4 3 2 5 1

Puntos: 178
Paso 7
 0 0 0 0 0 0 0 0 0 0 0
 0 0 0 0 0 0 0 0 0 0 2
 0 0 0 0 0 0 0 0 0 0 5
 0 0 0 0 0 0 0 0 0 0 5
 0 0 0 0 0 0 0 0 0 3 5
 0 0 0 0 0 0 0 5 1 1 4
 1 4 3 2 3 2 3 5 5 5 4
 2 4 3 1 3 2 2 5 4 4 1
 5 2 4 1 4 4 3 3 2 3 2
 1 4 4 3 4 5 4 3 5 1 3
 4 1 5 1 5 5 4 3 2 5 1

Puntos: 178
Paso 8
 0 0 0 0 0 0 0 0 0 0 0
 0 0 0 0 0 0 0 0 0 0 2
 0 0 0 0 0 0 0 0 0 0 5
 0 0 0 0 0 0 0 0 0 0 5
 0 0 0 0 0 0 0 0 0 3 5
 0 0 0 0 0 0 0 5 1 1 4
 1 4 3 2 3 2 3 5 5 5 4
 2 4 3 1 3 2 2 5 4 4 1
 5 2 4 1 4 4 3 3 2 3 2
 1 4 4 3 4 5 4 3 5 1 3
 4 1 5 1 5 5 4 3 2 5 1

Puntos: 178
Paso 9
 0 0 0 0 0 0 0 0 0 0 0
 0 0 0 0 0 0 0 0 0 0 2
 0 0 0 0 0 0 0 0 0 0 5
 0 0 0 0 0 0 0 0 0 0 5
 0 0 0 0 0 0 0 0 0 3 5
 0 0 0 0 0 0 0 5 1 1 4
 1 4 3 2 3 2 3 5 5 5 4
 2 4 3 1 3 2 2 5 4 4 1
 5 2 4 1 4 4 3 3 2 3 2
 1 4 4 3 4 5 4 3 5 1 3
 4 1 5 1 5 5 4 3 2 5 1

Puntos: 178
Paso 10
 0 0 0 0 0 0 0 0 0 0 0
 0 0 0 0 0 0 0 0 0 0 2
 0 0 0 0 0 0 0 0 0 0 5
 0 0 0 0 0 0 0 0 0 0 5
 0 0 0 0 0 0 0 0 0 3 5
 0 0 0 0 0 0 0 5 1 1 4
 1 4 3 2 3 2 3 5 5 5 4
 2 4 3 1 3 2 2 5 4 4 1
 5 2 4 1 4 4 3 3 2 3 2
 1 4 4 3 4 5 4 3 5 1 3
 4 1 5 1 5 5 4 3 2 5 1

Puntos: 178
Paso 11
 0 0 0 0 0 0 0 0 0 0 0
 0 0 0 0 0 0 0 0 0 0 2
 0 0 0 0 0 0 0 0 0 0 5
 0 0 0 0 0 0 0 0 0 0 5
 0 0 0 0 0 0 0 0 0 3 5
 0 0 0 0 0 0 0 5 1 1 4
 1 4 3 2 3 2 3 5 5 5 4
 2 4 3 1 3 2 2 5 4 4 1
 5 2 4 1 4 4 3 3 2 3 2
 1 4 4 3 4 5 4 3 5 1 3
 4 1 5 1 5 5 4 3 2 5 1

Puntos: 178
Paso 12
 0 0 0 0 0 0 0 0 0 0 0
 0 0 0 0 0 0 0 0 0 0 2
 0 0 0 0 0 0 0 0 0 0 5
 0 0 0 0 0 0 0 0 0 0 5
 0 0 0 0 0 0 0 0 0 3 5
 0 0 0 0 0 0 0 0 1 1 4
 0 0 0 1 4 3 2 3 2 3 4
 0 2 4 3 1 3 2 2 4 4 1
 5 2 4 1 4 4 3 3 2 3 2
 1 4 4 3 4 5 4 3 5 1 3
 4 1 5 1 5 5 4 3 2 5 1

Puntos: 198
Paso 13
 0 0 0 0 0 0 0 0 0 0 0
 0 0 0 0 0 0 0 0 0 0 2
 0 0 0 0 0 0 0 0 0 0 5
 0 0 0 0 0 0 0 0 0 0 5
 0 0 0 0 0 0 0 0 0 0 5
 0 0 0 0 0 0 0 0 0 3 4
 0 0 0 1 4 3 2 3 2 3 4
 0 2 4 3 1 3 2 2 4 4 1
 5 2 4 1 4 4 3 3 2 3 2
 1 4 4 3 4 5 4 3 5 1 3
 4 1 5 1 5 5 4 3 2 5 1

Puntos: 200
Paso 14
 0 0 0 0 0 0 0 0 0 0 0
 0 0 0 0 0 0 0 0 0 0 2
 0 0 0 0 0 0 0 0 0 0 5
 0 0 0 0 0 0 0 0 0 0 5
 0 0 0 0 0 0 0 0 0 0 5
 0 0 0 0 0 0 0 0 0 0 4
 0 0 0 0 1 4 3 2 3 2 4
 0 2 4 3 1 3 2 2 4 4 1
 5 2 4 1 4 4 3 3 2 3 2
 1 4 4 3 4 5 4 3 5 1 3
 4 1 5 1 5 5 4 3 2 5 1

Puntos: 202
Paso 15
 0 0 0 0 0 0 0 0 0 0 0
 0 0 0 0 0 0 0 0 0 0 0
 0 0 0 0 0 0 0 0 0 0 2
 0 0 0 0 0 0 0 0 0 0 5
 0 0 0 0 0 0 0 0 0 0 5
 0 0 0 0 0 0 0 0 0 0 5
 0 0 0 0 0 1 4 3 2 3 2
 0 2 4 3 1 3 2 2 4 4 1
 5 2 4 1 4 4 3 3 2 3 2
 1 4 4 3 4 5 4 3 5 1 3
 4 1 5 1 5 5 4 3 2 5 1

Puntos: 204
Paso 6
 0 0 0 0 0 0 0 0 0 0 0
 0 0 0 0 0 0 0 0 0 0 0
 0 0 0 0 0 0 0 0 0 0 2
 0 0 0 0 0 0 0 0 0 0 5
 0 0 0 0 0 0 0 0 0 0 5
 0 0 0 0 0 0 0 0 0 0 5
 0 0 0 0 0 1 4 3 2 3 2
 0 2 4 3 1 3 2 2 4 4 1
 5 2 4 1 4 4 3 3 2 3 2
 1 4 4 3 4 5 4 3 5 1 3
 4 1 5 1 5 5 4 3 2 5 1

Puntos: 204
Paso 7
 0 0 0 0 0 0 0 0 0 0 0
 0 0 0 0 0 0 0 0 0 0 0
 0 0 0 0 0 0 0 0 0 0 2
 0 0 0 0 0 0 0 0 0 0 5
 0 0 0 0 0 0 0 0 0 0 5
 0 0 0 0 0 0 0 0 0 0 5
 0 0 0 0 0 1 4 3 2 3 2
 0 2 4 3 1 3 2 2 4 4 1
 5 2 4 1 4 4 3 3 2 3 2
 1 4 4 3 4 5 4 3 5 1 3
 4 1 5 1 5 5 4 3 2 5 1

Puntos: 204
Paso 8
 0 0 0 0 0 0 0 0 0 0 0
 0 0 0 0 0 0 0 0 0 0 0
 0 0 0 0 0 0 0 0 0 0 2
 0 0 0 0 0 0 0 0 0 0 5
 0 0 0 0 0 0 0 0 0 0 5
 0 0 0 0 0 0 0 0 0 0 5
 0 0 0 0 0 1 4 3 2 3 2
 0 2 4 3 1 3 2 2 4 4 1
 5 2 4 1 4 4 3 3 2 3 2
 1 4 4 3 4 5 4 3 5 1 3
 4 1 5 1 5 5 4 3 2 5 1

Puntos: 204
Paso 9
 0 0 0 0 0 0 0 0 0 0 0
 0 0 0 0 0 0 0 0 0 0 0
 0 0 0 0 0 0 0 0 0 0 2
 0 0 0 0 0 0 0 0 0 0 5
 0 0 0 0 0 0 0 0 0 0 5
 0 0 0 0 0 0 0 0 0 0 5
 0 0 0 0 0 1 4 3 2 3 2
 0 2 4 3 1 3 2 2 4 4 1
 5 2 4 1 4 4 3 3 2 3 2
 1 4 4 3 4 5 4 3 5 1 3
 4 1 5 1 5 5 4 3 2 5 1

Puntos: 204
Paso 10
 0 0 0 0 0 0 0 0 0 0 0
 0 0 0 0 0 0 0 0 0 0 0
 0 0 0 0 0 0 0 0 0 0 2
 0 0 0 0 0 0 0 0 0 0 5
 0 0 0 0 0 0 0 0 0 0 5
 0 0 0 0 0 0 0 0 0 0 5
 0 0 0 0 0 1 4 3 2 3 2
 0 2 4 3 1 3 2 2 4 4 1
 5 2 4 1 4 4 3 3 2 3 2
 1 4 4 3 4 5 4 3 5 1 3
 4 1 5 1 5 5 4 3 2 5 1

Puntos: 204
Paso 11
 0 0 0 0 0 0 0 0 0 0 0
 0 0 0 0 0 0 0 0 0 0 0
 0 0 0 0 0 0 0 0 0 0 2
 0 0 0 0 0 0 0 0 0 0 5
 0 0 0 0 0 0 0 0 0 0 5
 0 0 0 0 0 0 0 0 0 0 5
 0 0 0 0 0 1 4 3 2 3 2
 0 2 4 3 1 3 2 2 4 4 1
 5 2 4 1 4 4 3 3 2 3 2
 1 4 4 3 4 5 4 3 5 1 3
 4 1 5 1 5 5 4 3 2 5 1

Puntos: 204
Paso 12
 0 0 0 0 0 0 0 0 0 0 0
 0 0 0 0 0 0 0 0 0 0 0
 0 0 0 0 0 0 0 0 0 0 2
 0 0 0 0 0 0 0 0 0 0 5
 0 0 0 0 0 0 0 0 0 0 5
 0 0 0 0 0 0 0 0 0 0 5
 0 0 0 0 0 1 4 3 2 3 2
 0 2 4 3 1 3 2 2 4 4 1
 5 2 4 1 4 4 3 3 2 3 2
 1 4 4 3 4 5 4 3 5 1 3
 4 1 5 1 5 5 4 3 2 5 1

Puntos: 204
Paso 13
 0 0 0 0 0 0 0 0 0 0 0
 0 0 0 0 0 0 0 0 0 0 0
 0 0 0 0 0 0 0 0 0 0 2
 0 0 0 0 0 0 0 0 0 0 5
 0 0 0 0 0 0 0 0 0 0 5
 0 0 0 0 0 0 0 0 0 0 5
 0 0 0 0 0 1 4 3 2 3 2
 0 2 4 3 1 3 2 2 4 4 1
 5 2 4 1 4 4 3 3 2 3 2
 1 4 4 3 4 5 4 3 5 1 3
 4 1 5 1 5 5 4 3 2 5 1

Puntos: 204
Paso 14
 0 0 0 0 0 0 0 0 0 0 0
 0 0 0 0 0 0 0 0 0 0 0
 0 0 0 0 0 0 0 0 0 0 2
 0 0 0 0 0 0 0 0 0 0 5
 0 0 0 0 0 0 0 0 0 0 5
 0 0 0 0 0 0 0 0 0 0 5
 0 0 0 0 0 1 4 3 2 3 2
 0 2 4 3 1 3 2 2 4 4 1
 5 2 4 1 4 4 3 3 2 3 2
 1 4 4 3 4 5 4 3 5 1 3
 4 1 5 1 5 5 4 3 2 5 1

Puntos: 204
Paso 15
 0 0 0 0 0 0 0 0 0 0 0
 0 0 0 0 0 0 0 0 0 0 0
 0 0 0 0 0 0 0 0 0 0 2
 0 0 0 0 0 0 0 0 0 0 5
 0 0 0 0 0 0 0 0 0 0 5
 0 0 0 0 0 0 0 0 0 0 5
 0 0 0 0 0 1 4 3 2 3 2
 0 2 4 3 1 3 2 2 4 4 1
 5 2 4 1 4 4 3 3 2 3 2
 1 4 4 3 4 5 4 3 5 1 3
 4 1 5 1 5 5 4 3 2 5 1

Puntos: 204
Paso 16
 0 0 0 0 0 0 0 0 0 0 0
 0 0 0 0 0 0 0 0 0 0 0
 0 0 0 0 0 0 0 0 0 0 2
 0 0 0 0 0 0 0 0 0 0 5
 0 0 0 0 0 0 0 0 0 0 5
 0 0 0 0 0 0 0 0 0 0 5
 0 0 0 0 0 1 4 3 2 3 2
 0 2 4 3 1 3 2 2 4 4 1
 5 2 4 1 4 4 3 3 2 3 2
 1 4 4 3 4 5 4 3 5 1 3
 4 1 5 1 5 5 4 3 2 5 1

Puntos: 204
Paso 7
 0 0 0 0 0 0 0 0 0 0 0
 0 0 0 0 0 0 0 0 0 0 0
 0 0 0 0 0 0 0 0 0 0 2
 0 0 0 0 0 0 0 0 0 0 5
 0 0 0 0 0 0 0 0 0 0 5
 0 0 0 0 0 0 0 0 0 0 5
 0 0 0 0 0 1 4 3 2 3 2
 0 2 4 3 1 3 2 2 4 4 1
 5 2 4 1 4 4 3 3 2 3 2
 1 4 4 3 4 5 4 3 5 1 3
 4 1 5 1 5 5 4 3 2 5 1

Puntos: 204
Paso 8
 0 0 0 0 0 0 0 0 0 0 0
 0 0 0 0 0 0 0 0 0 0 0
 0 0 0 0 0 0 0 0 0 0 2
 0 0 0 0 0 0 0 0 0 0 5
 0 0 0 0 0 0 0 0 0 0 5
 0 0 0 0 0 0 0 0 0 0 5
 0 0 0 0 0 1 4 3 2 3 2
 0 0 4 3 1 3 2 2 4 4 1
 0 5 4 1 4 4 3 3 2 3 2
 1 4 4 3 4 5 4 3 5 1 3
 4 1 5 1 5 5 4 3 2 5 1

Puntos: 206
Paso 9
 0 0 0 0 0 0 0 0 0 0 0
 0 0 0 0 0 0 0 0 0 0 0
 0 0 0 0 0 0 0 0 0 0 2
 0 0 0 0 0 0 0 0 0 0 5
 0 0 0 0 0 0 0 0 0 0 5
 0 0 0 0 0 0 0 0 0 0 5
 0 0 0 0 0 1 4 3 2 3 2
 0 0 0 3 1 3 2 2 4 4 1
 0 0 5 1 4 4 3 3 2 3 2
 0 0 1 3 4 5 4 3 5 1 3
 4 1 5 1 5 5 4 3 2 5 1

Puntos: 218
Paso 10
 0 0 0 0 0 0 0 0 0 0 0
 0 0 0 0 0 0 0 0 0 0 0
 0 0 0 0 0 0 0 0 0 0 2
 0 0 0 0 0 0 0 0 0 0 5
 0 0 0 0 0 0 0 0 0 0 5
 0 0 0 0 0 0 0 0 0 0 5
 0 0 0 0 0 1 4 3 2 3 2
 0 0 0 3 1 3 2 2 4 4 1
 0 0 5 1 4 4 3 3 2 3 2
 0 0 1 3 4 5 4 3 5 1 3
 4 1 5 1 5 5 4 3 2 5 1

Puntos: 218
Paso 11
 0 0 0 0 0 0 0 0 0 0 0
 0 0 0 0 0 0 0 0 0 0 0
 0 0 0 0 0 0 0 0 0 0 2
 0 0 0 0 0 0 0 0 0 0 5
 0 0 0 0 0 0 0 0 0 0 5
 0 0 0 0 0 0 0 0 0 0 5
 0 0 0 0 0 1 4 3 2 3 2
 0 0 0 3 1 3 2 2 4 4 1
 0 0 5 1 4 4 3 3 2 3 2
 0 0 1 3 4 5 4 3 5 1 3
 4 1 5 1 5 5 4 3 2 5 1

Puntos: 218
Paso 12
 0 0 0 0 0 0 0 0 0 0 0
 0 0 0 0 0 0 0 0 0 0 0
 0 0 0 0 0 0 0 0 0 0 2
 0 0 0 0 0 0 0 0 0 0 5
 0 0 0 0 0 0 0 0 0 0 5
 0 0 0 0 0 0 0 0 0 0 5
 0 0 0 0 0 1 4 3 2 3 2
 0 0 0 3 1 3 2 2 4 4 1
 0 0 5 1 4 4 3 3 2 3 2
 0 0 1 3 4 5 4 3 5 1 3
 4 1 5 1 5 5 4 3 2 5 1

Puntos: 218
Paso 13
 0 0 0 0 0 0 0 0 0 0 0
 0 0 0 0 0 0 0 0 0 0 0
 0 0 0 0 0 0 0 0 0 0 2
 0 0 0 0 0 0 0 0 0 0 5
 0 0 0 0 0 0 0 0 0 0 5
 0 0 0 0 0 0 0 0 0 0 5
 0 0 0 0 0 1 4 3 2 3 2
 0 0 0 0 0 3 1 3 4 4 1
 0 0 5 1 4 4 3 3 2 3 2
 0 0 1 3 4 5 4 3 5 1 3
 4 1 5 1 5 5 4 3 2 5 1

Puntos: 220
Paso 14
 0 0 0 0 0 0 0 0 0 0 0
 0 0 0 0 0 0 0 0 0 0 0
 0 0 0 0 0 0 0 0 0 0 2
 0 0 0 0 0 0 0 0 0 0 5
 0 0 0 0 0 0 0 0 0 0 5
 0 0 0 0 0 0 0 0 0 0 5
 0 0 0 0 0 0 1 4 2 3 2
 0 0 0 0 0 0 3 1 4 4 1
 0 0 0 0 5 1 4 4 2 3 2
 0 0 0 1 3 4 5 4 5 1 3
 0 4 1 5 1 5 5 4 2 5 1

Puntos: 250
Paso 15
 0 0 0 0 0 0 0 0 0 0 0
 0 0 0 0 0 0 0 0 0 0 0
 0 0 0 0 0 0 0 0 0 0 2
 0 0 0 0 0 0 0 0 0 0 5
 0 0 0 0 0 0 0 0 0 0 5
 0 0 0 0 0 0 0 0 0 0 5
 0 0 0 0 0 0 0 0 2 3 2
 0 0 0 0 0 0 1 4 3 1 1
 0 0 0 0 5 1 4 4 2 3 2
 0 0 0 1 3 4 5 4 5 1 3
 0 4 1 5 1 5 5 4 2 5 1

Puntos: 252
Paso 16
 0 0 0 0 0 0 0 0 0 0 0
 0 0 0 0 0 0 0 0 0 0 0
 0 0 0 0 0 0 0 0 0 0 2
 0 0 0 0 0 0 0 0 0 0 5
 0 0 0 0 0 0 0 0 0 0 5
 0 0 0 0 0 0 0 0 0 0 5
 0 0 0 0 0 0 0 0 2 3 2
 0 0 0 0 0 0 0 0 1 4 3
 0 0 0 0 5 1 4 4 2 3 2
 0 0 0 1 3 4 5 4 5 1 3
 0 4 1 5 1 5 5 4 2 5 1

Puntos: 254
Paso 17
 0 0 0 0 0 0 0 0 0 0 0
 0 0 0 0 0 0 0 0 0 0 0
 0 0 0 0 0 0 0 0 0 0 2
 0 0 0 0 0 0 0 0 0 0 5
 0 0 0 0 0 0 0 0 0 0 5
 0 0 0 0 0 0 0 0 0 0 5
 0 0 0 0 0 0 0 0 2 3 2
 0 0 0 0 0 0 0 0 1 4 3
 0 0 0 0 5 1 4 4 2 3 2
 0 0 0 1 3 4 5 4 5 1 3
 0 4 1 5 1 5 5 4 2 5 1

Puntos: 254
Paso 8
 0 0 0 0 0 0 0 0 0 0 0
 0 0 0 0 0 0 0 0 0 0 0
 0 0 0 0 0 0 0 0 0 0 2
 0 0 0 0 0 0 0 0 0 0 5
 0 0 0 0 0 0 0 0 0 0 5
 0 0 0 0 0 0 0 0 0 0 5
 0 0 0 0 0 0 0 0 2 3 2
 0 0 0 0 0 0 0 0 1 4 3
 0 0 0 0 5 1 4 4 2 3 2
 0 0 0 1 3 4 5 4 5 1 3
 0 4 1 5 1 5 5 4 2 5 1

Puntos: 254
Paso 9
 0 0 0 0 0 0 0 0 0 0 0
 0 0 0 0 0 0 0 0 0 0 0
 0 0 0 0 0 0 0 0 0 0 2
 0 0 0 0 0 0 0 0 0 0 5
 0 0 0 0 0 0 0 0 0 0 5
 0 0 0 0 0 0 0 0 0 0 5
 0 0 0 0 0 0 0 0 2 3 2
 0 0 0 0 0 0 0 0 1 4 3
 0 0 0 0 5 1 4 4 2 3 2
 0 0 0 1 3 4 5 4 5 1 3
 0 4 1 5 1 5 5 4 2 5 1

Puntos: 254
Paso 10
 0 0 0 0 0 0 0 0 0 0 0
 0 0 0 0 0 0 0 0 0 0 0
 0 0 0 0 0 0 0 0 0 0 2
 0 0 0 0 0 0 0 0 0 0 5
 0 0 0 0 0 0 0 0 0 0 5
 0 0 0 0 0 0 0 0 0 0 5
 0 0 0 0 0 0 0 0 2 3 2
 0 0 0 0 0 0 0 0 1 4 3
 0 0 0 0 5 1 4 4 2 3 2
 0 0 0 1 3 4 5 4 5 1 3
 0 4 1 5 1 5 5 4 2 5 1

Puntos: 254
Paso 11
 0 0 0 0 0 0 0 0 0 0 0
 0 0 0 0 0 0 0 0 0 0 0
 0 0 0 0 0 0 0 0 0 0 2
 0 0 0 0 0 0 0 0 0 0 5
 0 0 0 0 0 0 0 0 0 0 5
 0 0 0 0 0 0 0 0 0 0 5
 0 0 0 0 0 0 0 0 2 3 2
 0 0 0 0 0 0 0 0 1 4 3
 0 0 0 0 5 1 4 4 2 3 2
 0 0 0 1 3 4 5 4 5 1 3
 0 4 1 5 1 5 5 4 2 5 1

Puntos: 254
Paso 12
 0 0 0 0 0 0 0 0 0 0 0
 0 0 0 0 0 0 0 0 0 0 0
 0 0 0 0 0 0 0 0 0 0 2
 0 0 0 0 0 0 0 0 0 0 5
 0 0 0 0 0 0 0 0 0 0 5
 0 0 0 0 0 0 0 0 0 0 5
 0 0 0 0 0 0 0 0 2 3 2
 0 0 0 0 0 0 0 0 1 4 3
 0 0 0 0 5 1 4 4 2 3 2
 0 0 0 1 3 4 5 4 5 1 3
 0 4 1 5 1 5 5 4 2 5 1

Puntos: 254
Paso 13
 0 0 0 0 0 0 0 0 0 0 0
 0 0 0 0 0 0 0 0 0 0 0
 0 0 0 0 0 0 0 0 0 0 2
 0 0 0 0 0 0 0 0 0 0 5
 0 0 0 0 0 0 0 0 0 0 5
 0 0 0 0 0 0 0 0 0 0 5
 0 0 0 0 0 0 0 0 2 3 2
 0 0 0 0 0 0 0 0 1 4 3
 0 0 0 0 5 1 4 4 2 3 2
 0 0 0 1 3 4 5 4 5 1 3
 0 4 1 5 1 5 5 4 2 5 1

Puntos: 254
Paso 14
 0 0 0 0 0 0 0 0 0 0 0
 0 0 0 0 0 0 0 0 0 0 0
 0 0 0 0 0 0 0 0 0 0 2
 0 0 0 0 0 0 0 0 0 0 5
 0 0 0 0 0 0 0 0 0 0 5
 0 0 0 0 0 0 0 0 0 0 5
 0 0 0 0 0 0 0 0 2 3 2
 0 0 0 0 0 0 0 0 1 4 3
 0 0 0 0 0 0 5 1 2 3 2
 0 0 0 0 1 3 4 5 5 1 3
 0 0 4 1 5 1 5 5 2 5 1

Puntos: 266
Paso 15
 0 0 0 0 0 0 0 0 0 0 0
 0 0 0 0 0 0 0 0 0 0 0
 0 0 0 0 0 0 0 0 0 0 2
 0 0 0 0 0 0 0 0 0 0 5
 0 0 0 0 0 0 0 0 0 0 5
 0 0 0 0 0 0 0 0 0 0 5
 0 0 0 0 0 0 0 0 2 3 2
 0 0 0 0 0 0 0 0 1 4 3
 0 0 0 0 0 0 5 1 2 3 2
 0 0 0 0 1 3 4 5 5 1 3
 0 0 4 1 5 1 5 5 2 5 1

Puntos: 266
Paso 16
 0 0 0 0 0 0 0 0 0 0 0
 0 0 0 0 0 0 0 0 0 0 0
 0 0 0 0 0 0 0 0 0 0 2
 0 0 0 0 0 0 0 0 0 0 5
 0 0 0 0 0 0 0 0 0 0 5
 0 0 0 0 0 0 0 0 0 0 5
 0 0 0 0 0 0 0 0 2 3 2
 0 0 0 0 0 0 0 0 1 4 3
 0 0 0 0 0 0 5 1 2 3 2
 0 0 0 0 1 3 4 5 5 1 3
 0 0 4 1 5 1 5 5 2 5 1

Puntos: 266
Paso 17
 0 0 0 0 0 0 0 0 0 0 0
 0 0 0 0 0 0 0 0 0 0 0
 0 0 0 0 0 0 0 0 0 0 2
 0 0 0 0 0 0 0 0 0 0 5
 0 0 0 0 0 0 0 0 0 0 5
 0 0 0 0 0 0 0 0 0 0 5
 0 0 0 0 0 0 0 0 2 3 2
 0 0 0 0 0 0 0 0 1 4 3
 0 0 0 0 0 0 5 1 2 3 2
 0 0 0 0 1 3 4 5 5 1 3
 0 0 4 1 5 1 5 5 2 5 1

Puntos: 266
Paso 18
 0 0 0 0 0 0 0 0 0 0 0
 0 0 0 0 0 0 0 0 0 0 0
 0 0 0 0 0 0 0 0 0 0 2
 0 0 0 0 0 0 0 0 0 0 5
 0 0 0 0 0 0 0 0 0 0 5
 0 0 0 0 0 0 0 0 0 0 5
 0 0 0 0 0 0 0 0 2 3 2
 0 0 0 0 0 0 0 0 1 4 3
 0 0 0 0 0 0 5 1 2 3 2
 0 0 0 0 1 3 4 5 5 1 3
 0 0 4 1 5 1 5 5 2 5 1

Puntos: 266
Paso 9
 0 0 0 0 0 0 0 0 0 0 0
 0 0 0 0 0 0 0 0 0 0 0
 0 0 0 0 0 0 0 0 0 0 2
 0 0 0 0 0 0 0 0 0 0 5
 0 0 0 0 0 0 0 0 0 0 5
 0 0 0 0 0 0 0 0 0 0 5
 0 0 0 0 0 0 0 0 2 3 2
 0 0 0 0 0 0 0 0 1 4 3
 0 0 0 0 0 0 5 1 2 3 2
 0 0 0 0 1 3 4 5 5 1 3
 0 0 4 1 5 1 5 5 2 5 1

Puntos: 266
Paso 10
 0 0 0 0 0 0 0 0 0 0 0
 0 0 0 0 0 0 0 0 0 0 0
 0 0 0 0 0 0 0 0 0 0 2
 0 0 0 0 0 0 0 0 0 0 5
 0 0 0 0 0 0 0 0 0 0 5
 0 0 0 0 0 0 0 0 0 0 5
 0 0 0 0 0 0 0 0 2 3 2
 0 0 0 0 0 0 0 0 1 4 3
 0 0 0 0 0 0 5 1 2 3 2
 0 0 0 0 1 3 4 5 5 1 3
 0 0 4 1 5 1 5 5 2 5 1

Puntos: 266
Paso 11
 0 0 0 0 0 0 0 0 0 0 0
 0 0 0 0 0 0 0 0 0 0 0
 0 0 0 0 0 0 0 0 0 0 2
 0 0 0 0 0 0 0 0 0 0 5
 0 0 0 0 0 0 0 0 0 0 5
 0 0 0 0 0 0 0 0 0 0 5
 0 0 0 0 0 0 0 0 2 3 2
 0 0 0 0 0 0 0 0 1 4 3
 0 0 0 0 0 0 5 1 2 3 2
 0 0 0 0 1 3 4 5 5 1 3
 0 0 4 1 5 1 5 5 2 5 1

Puntos: 266
Paso 12
 0 0 0 0 0 0 0 0 0 0 0
 0 0 0 0 0 0 0 0 0 0 0
 0 0 0 0 0 0 0 0 0 0 2
 0 0 0 0 0 0 0 0 0 0 5
 0 0 0 0 0 0 0 0 0 0 5
 0 0 0 0 0 0 0 0 0 0 5
 0 0 0 0 0 0 0 0 2 3 2
 0 0 0 0 0 0 0 0 1 4 3
 0 0 0 0 0 0 5 1 2 3 2
 0 0 0 0 1 3 4 5 5 1 3
 0 0 4 1 5 1 5 5 2 5 1

Puntos: 266
Paso 13
 0 0 0 0 0 0 0 0 0 0 0
 0 0 0 0 0 0 0 0 0 0 0
 0 0 0 0 0 0 0 0 0 0 2
 0 0 0 0 0 0 0 0 0 0 5
 0 0 0 0 0 0 0 0 0 0 5
 0 0 0 0 0 0 0 0 0 0 5
 0 0 0 0 0 0 0 0 2 3 2
 0 0 0 0 0 0 0 0 1 4 3
 0 0 0 0 0 0 5 1 2 3 2
 0 0 0 0 1 3 4 5 5 1 3
 0 0 4 1 5 1 5 5 2 5 1

Puntos: 266
Paso 14
 0 0 0 0 0 0 0 0 0 0 0
 0 0 0 0 0 0 0 0 0 0 0
 0 0 0 0 0 0 0 0 0 0 2
 0 0 0 0 0 0 0 0 0 0 5
 0 0 0 0 0 0 0 0 0 0 5
 0 0 0 0 0 0 0 0 0 0 5
 0 0 0 0 0 0 0 0 2 3 2
 0 0 0 0 0 0 0 0 1 4 3
 0 0 0 0 0 0 5 1 2 3 2
 0 0 0 0 1 3 4 5 5 1 3
 0 0 4 1 5 1 5 5 2 5 1

Puntos: 266
Paso 15
 0 0 0 0 0 0 0 0 0 0 0
 0 0 0 0 0 0 0 0 0 0 0
 0 0 0 0 0 0 0 0 0 0 2
 0 0 0 0 0 0 0 0 0 0 5
 0 0 0 0 0 0 0 0 0 0 5
 0 0 0 0 0 0 0 0 0 0 5
 0 0 0 0 0 0 0 0 2 3 2
 0 0 0 0 0 0 0 0 1 4 3
 0 0 0 0 0 0 5 1 2 3 2
 0 0 0 0 1 3 4 5 5 1 3
 0 0 4 1 5 1 5 5 2 5 1

Puntos: 266
Paso 16
 0 0 0 0 0 0 0 0 0 0 0
 0 0 0 0 0 0 0 0 0 0 0
 0 0 0 0 0 0 0 0 0 0 2
 0 0 0 0 0 0 0 0 0 0 5
 0 0 0 0 0 0 0 0 0 0 5
 0 0 0 0 0 0 0 0 0 0 5
 0 0 0 0 0 0 0 0 2 3 2
 0 0 0 0 0 0 0 0 1 4 3
 0 0 0 0 0 0 5 1 2 3 2
 0 0 0 0 0 0 1 3 4 1 3
 0 0 0 0 4 1 5 1 2 5 1

Puntos: 278
Paso 17
 0 0 0 0 0 0 0 0 0 0 0
 0 0 0 0 0 0 0 0 0 0 0
 0 0 0 0 0 0 0 0 0 0 2
 0 0 0 0 0 0 0 0 0 0 5
 0 0 0 0 0 0 0 0 0 0 5
 0 0 0 0 0 0 0 0 0 0 5
 0 0 0 0 0 0 0 0 2 3 2
 0 0 0 0 0 0 0 0 1 4 3
 0 0 0 0 0 0 5 1 2 3 2
 0 0 0 0 0 0 1 3 4 1 3
 0 0 0 0 4 1 5 1 2 5 1

Puntos: 278
Paso 18
 0 0 0 0 0 0 0 0 0 0 0
 0 0 0 0 0 0 0 0 0 0 0
 0 0 0 0 0 0 0 0 0 0 2
 0 0 0 0 0 0 0 0 0 0 5
 0 0 0 0 0 0 0 0 0 0 5
 0 0 0 0 0 0 0 0 0 0 5
 0 0 0 0 0 0 0 0 2 3 2
 0 0 0 0 0 0 0 0 1 4 3
 0 0 0 0 0 0 5 1 2 3 2
 0 0 0 0 0 0 1 3 4 1 3
 0 0 0 0 4 1 5 1 2 5 1

Puntos: 278
Paso 19
 0 0 0 0 0 0 0 0 0 0 0
 0 0 0 0 0 0 0 0 0 0 0
 0 0 0 0 0 0 0 0 0 0 2
 0 0 0 0 0 0 0 0 0 0 5
 0 0 0 0 0 0 0 0 0 0 5
 0 0 0 0 0 0 0 0 0 0 5
 0 0 0 0 0 0 0 0 2 3 2
 0 0 0 0 0 0 0 0 1 4 3
 0 0 0 0 0 0 5 1 2 3 2
 0 0 0 0 0 0 1 3 4 1 3
 0 0 0 0 4 1 5 1 2 5 1

Puntos: 278
Paso 10
 0 0 0 0 0 0 0 0 0 0 0
 0 0 0 0 0 0 0 0 0 0 0
 0 0 0 0 0 0 0 0 0 0 2
 0 0 0 0 0 0 0 0 0 0 5
 0 0 0 0 0 0 0 0 0 0 5
 0 0 0 0 0 0 0 0 0 0 5
 0 0 0 0 0 0 0 0 2 3 2
 0 0 0 0 0 0 0 0 1 4 3
 0 0 0 0 0 0 5 1 2 3 2
 0 0 0 0 0 0 1 3 4 1 3
 0 0 0 0 4 1 5 1 2 5 1

Puntos: 278
Paso 11
 0 0 0 0 0 0 0 0 0 0 0
 0 0 0 0 0 0 0 0 0 0 0
 0 0 0 0 0 0 0 0 0 0 2
 0 0 0 0 0 0 0 0 0 0 5
 0 0 0 0 0 0 0 0 0 0 5
 0 0 0 0 0 0 0 0 0 0 5
 0 0 0 0 0 0 0 0 2 3 2
 0 0 0 0 0 0 0 0 1 4 3
 0 0 0 0 0 0 5 1 2 3 2
 0 0 0 0 0 0 1 3 4 1 3
 0 0 0 0 4 1 5 1 2 5 1

Puntos: 278
Paso 12
 0 0 0 0 0 0 0 0 0 0 0
 0 0 0 0 0 0 0 0 0 0 0
 0 0 0 0 0 0 0 0 0 0 2
 0 0 0 0 0 0 0 0 0 0 5
 0 0 0 0 0 0 0 0 0 0 5
 0 0 0 0 0 0 0 0 0 0 5
 0 0 0 0 0 0 0 0 2 3 2
 0 0 0 0 0 0 0 0 1 4 3
 0 0 0 0 0 0 5 1 2 3 2
 0 0 0 0 0 0 1 3 4 1 3
 0 0 0 0 4 1 5 1 2 5 1

Puntos: 278
Paso 13
 0 0 0 0 0 0 0 0 0 0 0
 0 0 0 0 0 0 0 0 0 0 0
 0 0 0 0 0 0 0 0 0 0 2
 0 0 0 0 0 0 0 0 0 0 5
 0 0 0 0 0 0 0 0 0 0 5
 0 0 0 0 0 0 0 0 0 0 5
 0 0 0 0 0 0 0 0 2 3 2
 0 0 0 0 0 0 0 0 1 4 3
 0 0 0 0 0 0 5 1 2 3 2
 0 0 0 0 0 0 1 3 4 1 3
 0 0 0 0 4 1 5 1 2 5 1

Puntos: 278
Paso 14
 0 0 0 0 0 0 0 0 0 0 0
 0 0 0 0 0 0 0 0 0 0 0
 0 0 0 0 0 0 0 0 0 0 2
 0 0 0 0 0 0 0 0 0 0 5
 0 0 0 0 0 0 0 0 0 0 5
 0 0 0 0 0 0 0 0 0 0 5
 0 0 0 0 0 0 0 0 2 3 2
 0 0 0 0 0 0 0 0 1 4 3
 0 0 0 0 0 0 5 1 2 3 2
 0 0 0 0 0 0 1 3 4 1 3
 0 0 0 0 4 1 5 1 2 5 1

Puntos: 278
Paso 15
 0 0 0 0 0 0 0 0 0 0 0
 0 0 0 0 0 0 0 0 0 0 0
 0 0 0 0 0 0 0 0 0 0 2
 0 0 0 0 0 0 0 0 0 0 5
 0 0 0 0 0 0 0 0 0 0 5
 0 0 0 0 0 0 0 0 0 0 5
 0 0 0 0 0 0 0 0 2 3 2
 0 0 0 0 0 0 0 0 1 4 3
 0 0 0 0 0 0 5 1 2 3 2
 0 0 0 0 0 0 1 3 4 1 3
 0 0 0 0 4 1 5 1 2 5 1

Puntos: 278
Paso 16
 0 0 0 0 0 0 0 0 0 0 0
 0 0 0 0 0 0 0 0 0 0 0
 0 0 0 0 0 0 0 0 0 0 2
 0 0 0 0 0 0 0 0 0 0 5
 0 0 0 0 0 0 0 0 0 0 5
 0 0 0 0 0 0 0 0 0 0 5
 0 0 0 0 0 0 0 0 2 3 2
 0 0 0 0 0 0 0 0 1 4 3
 0 0 0 0 0 0 5 1 2 3 2
 0 0 0 0 0 0 1 3 4 1 3
 0 0 0 0 4 1 5 1 2 5 1

Puntos: 278
Paso 17
 0 0 0 0 0 0 0 0 0 0 0
 0 0 0 0 0 0 0 0 0 0 0
 0 0 0 0 0 0 0 0 0 0 2
 0 0 0 0 0 0 0 0 0 0 5
 0 0 0 0 0 0 0 0 0 0 5
 0 0 0 0 0 0 0 0 0 0 5
 0 0 0 0 0 0 0 0 2 3 2
 0 0 0 0 0 0 0 0 1 4 3
 0 0 0 0 0 0 5 1 2 3 2
 0 0 0 0 0 0 1 3 4 1 3
 0 0 0 0 4 1 5 1 2 5 1

Puntos: 278
Paso 18
 0 0 0 0 0 0 0 0 0 0 0
 0 0 0 0 0 0 0 0 0 0 0
 0 0 0 0 0 0 0 0 0 0 2
 0 0 0 0 0 0 0 0 0 0 5
 0 0 0 0 0 0 0 0 0 0 5
 0 0 0 0 0 0 0 0 0 0 5
 0 0 0 0 0 0 0 0 2 3 2
 0 0 0 0 0 0 0 0 1 4 3
 0 0 0 0 0 0 5 1 2 3 2
 0 0 0 0 0 0 1 3 4 1 3
 0 0 0 0 4 1 5 1 2 5 1

Puntos: 278
Paso 19
 0 0 0 0 0 0 0 0 0 0 0
 0 0 0 0 0 0 0 0 0 0 0
 0 0 0 0 0 0 0 0 0 0 2
 0 0 0 0 0 0 0 0 0 0 5
 0 0 0 0 0 0 0 0 0 0 5
 0 0 0 0 0 0 0 0 0 0 5
 0 0 0 0 0 0 0 0 2 3 2
 0 0 0 0 0 0 0 0 1 4 3
 0 0 0 0 0 0 5 1 2 3 2
 0 0 0 0 0 0 1 3 4 1 3
 0 0 0 0 4 1 5 1 2 5 1

Puntos: 278
Paso 20
Puntos totales : 0
